20
a1
a2
a3
a4
a5
a6
a7
a8
a9
a10
a11
a12
a13
a14
a15
a16
a17
a18
a19
a20
2 12 11 15 19 6 5 3 16 10 1 14 18 7 20 4 8 13 17 9
13 4 5 1 12 15 18 11 14 16 3 2 20 6 9 17 19 10 7 8
7 18 6 12 8 10 11 4 19 1 3 2 17 5 13 9 15 14 16 20
15 2 17 12 4 9 8 11 10 3 13 19 16 1 14 18 20 5 7 6
13 18 8 3 19 15 20 11 4 1 9 7 17 6 2 12 10 5 14 16
19 10 1 11 17 13 7 9 20 15 5 6 12 14 3 4 8 16 18 2
11 7 15 6 19 16 9 1 10 2 5 14 3 20 17 4 18 12 8 13
8 17 1 7 10 20 13 4 3 18 14 6 12 2 19 15 11 16 9 5
10 2 4 15 13 8 12 3 5 1 7 14 17 20 6 11 19 9 16 18
4 7 11 20 9 18 10 1 12 17 6 15 2 3 8 19 14 5 16 13
20 9 17 5 12 6 2 19 15 10 1 8 4 3 13 18 11 7 14 16
11 6 8 2 17 9 12 13 1 18 15 4 3 16 19 7 20 5 10 14
7 8 14 19 11 2 3 12 4 13 1 5 17 16 9 20 15 6 18 10
13 5 6 8 1 10 15 9 3 19 17 12 11 20 7 2 16 4 18 14
20 19 10 7 9 4 1 17 5 6 3 8 14 18 2 16 15 13 11 12
20 2 1 9 4 8 11 6 15 19 10 18 3 14 17 13 16 7 12 5
